1)
a)
00000000 000000000 00000000 000000000


0	0	0	0	0	0	f	f
0000	0000	0000	0000	0000	0000	1111	1111

&
8	4	2	1	=	8+4+2+1 = 15 = f
1	1	1	1	

1000	0111 	0110	0101 	0100	0011 	0010	0001    --> 0x87654321

0000	0000	0000	0000	0000	0000	1111	1111    --> 0x000000ff

			000000ff

Resultado (Operação &):						
0000	0000	0000	0000	0000	0000	0010	0001

b)

1000	0111 	0110	0101 	0100	0011 	0010	0001    --> 0x87654321
0000	0000	1111	1111 	1111	1111 	1111	1111    --> 0x00ffffff
			Resultado(&)
0000	0000	0110	0101 	0100	0011 	0010	0001
1111	1111	0000	0000	0000	0000	0000	0000
			Resultado(|)			
1111	1111	0110	0101 	0100	0011 	0010	0001		

